1476 4 2 2 2
1496 4 2 2 2
1496 4 2 2 2
1496 4 2 2 2
1488 4 2 2 2
1524 6 2 2 3
1522 6 2 2 3
1516 6 2 2 3
1532 6 2 2 3
1540 6 2 2 3
1560 8 2 2 4
1548 8 2 2 4
1544 8 2 2 4
1542 8 2 2 4
1536 8 2 2 4
1588 10 2 2 5
1564 10 2 2 5
1560 10 2 2 5
1570 10 2 2 5
1564 10 2 2 5
1620 11 2 2 6
1590 11 2 2 6
1564 10 2 2 6
1564 10 2 2 6
1564 11 2 2 6
1580 11 2 2 7
1622 12 2 2 7
1628 12 2 2 7
1586 11 2 2 7
1568 11 2 2 7
1616 14 2 2 8
1596 11 2 2 8
1656 13 2 2 8
1612 12 2 2 8
1630 14 2 2 8
1644 13 2 2 9
1586 15 2 2 9
1580 13 2 2 9
1676 14 2 2 9
1566 11 2 2 9
1524 6 2 3 2
1524 6 2 3 2
1524 6 2 3 2
1524 6 3 3 2
1520 6 2 3 2
1580 9 2 3 3
1548 9 2 3 3
1602 9 3 3 3
1582 9 2 3 3
1540 9 2 3 3
1568 12 2 3 4
1568 11 3 3 4
1554 11 2 3 4
1608 12 2 3 4
1596 12 3 3 4
1584 12 3 3 5
1658 14 2 3 5
1584 15 3 3 5
1598 15 3 3 5
1634 15 3 3 5
1594 15 3 3 6
1622 15 3 3 6
1654 15 3 3 6
1634 15 3 3 6
1624 14 3 3 6
1680 17 3 3 7
1644 13 2 3 7
1668 16 3 3 7
1648 17 3 3 7
1590 16 3 3 7
1706 19 3 3 8
1676 16 2 3 8
1678 20 3 3 8
1614 17 3 3 8
1614 19 3 3 8
1710 21 3 3 9
1692 19 3 3 9
1634 21 3 3 9
1656 20 3 3 9
1688 18 3 3 9
1572 8 2 4 2
1544 8 2 4 2
1552 8 2 4 2
1548 8 3 4 2
1546 8 2 4 2
1592 12 3 4 3
1528 12 4 4 3
1646 12 3 4 3
1608 10 2 4 3
1584 12 3 4 3
1642 15 3 4 4
1640 14 3 4 4
1642 15 3 4 4
1592 14 3 4 4
1628 14 4 4 4
1674 19 3 4 5
1688 17 3 4 5
1668 17 3 4 5
1696 16 3 4 5
1648 17 3 4 5
1668 20 4 4 6
1632 19 4 4 6
1600 16 3 4 6
1714 21 4 4 6
1644 20 3 4 6
1706 20 4 4 7
1698 22 4 4 7
1690 22 3 4 7
1688 20 4 4 7
1714 21 4 4 7
1628 24 4 4 8
1692 20 4 4 8
1696 23 4 4 8
1682 18 4 4 8
1626 21 4 4 8
1672 23 4 4 9
1686 21 3 4 9
1670 27 4 4 9
1696 23 4 4 9
1732 26 4 4 9
1588 10 2 5 2
1558 10 3 5 2
1586 10 3 5 2
1562 10 3 5 2
1574 10 3 5 2
1616 15 4 5 3
1662 14 3 5 3
1592 13 5 5 3
1586 13 3 5 3
1656 15 4 5 3
1666 18 4 5 4
1652 18 4 5 4
1598 16 4 5 4
1654 18 4 5 4
1694 17 3 5 4
1608 19 3 5 5
1706 19 4 5 5
1672 20 3 5 5
1668 19 4 5 5
1652 20 3 5 5
1644 20 4 5 6
1686 24 4 5 6
1694 23 5 5 6
1690 20 4 5 6
1694 22 3 5 6
1670 26 5 5 7
1692 22 4 5 7
1680 22 4 5 7
1754 25 5 5 7
1720 25 5 5 7
1742 26 4 5 8
1722 27 5 5 8
1774 24 4 5 8
1690 26 4 5 8
1662 30 5 5 8
1682 26 4 5 9
1706 24 4 5 9
1758 29 5 5 9
1710 26 4 5 9
1696 27 4 5 9
1592 12 4 6 2
1602 11 3 6 2
1630 12 3 6 2
1576 10 2 6 2
1596 12 3 6 2
1594 16 4 6 3
1588 15 4 6 3
1618 15 3 6 3
1640 18 4 6 3
1648 14 4 6 3
1616 18 4 6 4
1704 19 4 6 4
1696 19 4 6 4
1702 20 5 6 4
1688 19 4 6 4
1678 21 5 6 5
1732 25 4 6 5
1666 21 4 6 5
1706 23 4 6 5
1638 23 5 6 5
1756 24 5 6 6
1714 28 4 6 6
1716 28 6 6 6
1672 25 5 6 6
1694 23 4 6 6
1708 27 4 6 7
1722 28 5 6 7
1698 30 5 6 7
1666 26 5 6 7
1738 25 4 6 7
1717 28 6 6 8
1786 31 5 6 8
1738 29 5 6 8
1728 29 6 6 8
1703 29 5 6 8
1733 39 6 6 9
1760 31 5 6 9
1778 32 5 6 9
1748 29 5 6 9
1744 29 5 6 9
1622 14 5 7 2
1622 12 3 7 2
1586 14 4 7 2
1626 14 3 7 2
1652 14 3 7 2
1654 19 4 7 3
1610 18 6 7 3
1664 19 4 7 3
1662 17 5 7 3
1620 20 4 7 3
1696 22 4 7 4
1732 21 5 7 4
1670 26 6 7 4
1666 22 4 7 4
1726 23 5 7 4
1676 24 6 7 5
1710 22 4 7 5
1694 26 5 7 5
1738 24 5 7 5
1656 25 4 7 5
1704 26 5 7 6
1714 30 5 7 6
1725 32 5 7 6
1704 24 4 7 6
1720 29 5 7 6
1764 32 4 7 7
1782 32 5 7 7
1754 31 5 7 7
1744 34 6 7 7
1746 32 4 7 7
1710 30 4 7 8
1732 35 5 7 8
1758 33 6 7 8
1700 32 6 7 8
1778 34 6 7 8
1790 35 5 7 9
1774 31 5 7 9
1778 37 6 7 9
1780 36 5 7 9
1800 37 6 7 9
1656 14 3 8 2
1632 15 3 8 2
1632 16 4 8 2
1662 15 4 8 2
1612 16 5 8 2
1663 20 6 8 3
1712 20 3 8 3
1666 18 4 8 3
1672 19 5 8 3
1728 19 4 8 3
1714 23 5 8 4
1699 23 6 8 4
1644 21 5 8 4
1674 23 4 8 4
1738 27 4 8 4
1716 25 6 8 5
1706 26 4 8 5
1738 25 4 8 5
1735 31 5 8 5
1720 23 3 8 5
1696 29 5 8 6
1756 37 6 8 6
1756 30 5 8 6
1742 32 8 8 6
1693 35 5 8 6
1748 36 5 8 7
1738 36 5 8 7
1740 30 5 8 7
1764 33 5 8 7
1760 38 6 8 7
1759 32 5 8 8
1758 36 6 8 8
1800 36 5 8 8
1760 35 6 8 8
1772 31 5 8 8
1762 44 8 8 9
1783 42 6 8 9
1826 35 6 8 9
1790 40 6 8 9
1794 37 5 8 9
1588 16 3 9 2
1642 15 4 9 2
1658 17 4 9 2
1648 15 4 9 2
1678 16 4 9 2
1658 21 6 9 3
1656 24 4 9 3
1632 21 4 9 3
1692 21 4 9 3
1706 22 4 9 3
1730 25 5 9 4
1747 29 6 9 4
1699 28 5 9 4
1724 25 6 9 4
1758 27 6 9 4
1731 33 6 9 5
1710 30 5 9 5
1734 32 6 9 5
1684 31 6 9 5
1704 26 6 9 5
1728 38 8 9 6
1750 32 5 9 6
1749 34 6 9 6
1736 37 5 9 6
1728 30 6 9 6
1780 34 5 9 7
1758 35 6 9 7
1734 41 6 9 7
1754 36 5 9 7
1774 31 4 9 7
1754 42 6 9 8
1824 42 7 9 8
1822 38 5 9 8
1804 41 6 9 8
1742 40 5 9 8
1788 40 5 9 9
1788 44 7 9 9
1760 44 6 9 9
1820 37 6 9 9
1820 43 5 9 9