 0 1490/2048 1490/2048 4 2 2 2
 1 1496/2048 1496/2048 4 3 2 2
 2 1496/2048 1496/2048 4 3 2 2
 3 1492/2048 1492/2048 4 2 2 2
 4 1492/2048 1492/2048 4 2 2 2
 0 1524/2048 1524/2048 6 3 2 3
 1 1524/2048 1524/2048 6 3 2 3
 2 1522/2048 1522/2048 6 3 2 3
 3 1560/2048 1560/2048 6 3 2 3
 4 1532/2048 1532/2048 6 3 2 3
 0 1588/2048 1588/2048 8 3 2 4
 1 1572/2048 1572/2048 8 3 2 4
 2 1568/2048 1568/2048 8 3 2 4
 3 1588/2048 1588/2048 8 3 2 4
 4 1548/2048 1548/2048 8 3 2 4
 0 1588/2048 1588/2048 10 3 2 5
 1 1560/2048 1560/2048 10 3 2 5
 2 1588/2048 1588/2048 10 3 2 5
 3 1572/2048 1572/2048 10 3 2 5
 4 1636/2048 1636/2048 10 3 2 5
 0 1612/2048 1612/2048 12 3 2 6
 1 1656/2048 1656/2048 12 3 2 6
 2 1632/2048 1632/2048 12 3 2 6
 3 1582/2048 1582/2048 12 3 2 6
 4 1628/2048 1628/2048 12 3 2 6
 0 1676/2048 1676/2048 14 3 2 7
 1 1676/2048 1676/2048 14 3 2 7
 2 1644/2048 1644/2048 13 3 2 7
 3 1600/2048 1600/2048 12 3 2 7
 4 1570/2048 1570/2048 12 3 2 7
 0 1634/2048 1634/2048 14 3 2 8
 1 1676/2048 1676/2048 15 3 2 8
 2 1646/2048 1646/2048 14 3 2 8
 3 1676/2048 1676/2048 14 3 2 8
 4 1634/2048 1634/2048 14 3 2 8
 0 1678/2048 1678/2048 16 3 2 9
 1 1676/2048 1676/2048 14 3 2 9
 2 1650/2048 1650/2048 16 3 2 9
 3 1678/2048 1678/2048 16 3 2 9
 4 1642/2048 1642/2048 15 3 2 9
 0 1528/2048 1528/2048 6 3 3 2
 1 1532/2048 1532/2048 6 3 3 2
 2 1528/2048 1528/2048 6 4 3 2
 3 1540/2048 1540/2048 6 3 3 2
 4 1560/2048 1560/2048 6 3 3 2
 0 1580/2048 1580/2048 9 3 3 3
 1 1568/2048 1568/2048 9 4 3 3
 2 1566/2048 1566/2048 9 4 3 3
 3 1580/2048 1580/2048 9 3 3 3
 4 1580/2048 1580/2048 9 3 3 3
 0 1590/2048 1590/2048 12 4 3 4
 1 1628/2048 1628/2048 12 4 3 4
 2 1560/2048 1560/2048 12 4 3 4
 3 1626/2048 1626/2048 12 3 3 4
 4 1604/2048 1604/2048 12 4 3 4
 0 1680/2048 1680/2048 15 4 3 5
 1 1646/2048 1646/2048 15 4 3 5
 2 1654/2048 1654/2048 15 4 3 5
 3 1674/2048 1674/2048 14 4 3 5
 4 1666/2048 1666/2048 15 4 3 5
 0 1694/2048 1694/2048 18 4 3 6
 1 1634/2048 1634/2048 18 4 3 6
 2 1640/2048 1640/2048 18 4 3 6
 3 1668/2048 1668/2048 18 4 3 6
 4 1690/2048 1690/2048 18 4 3 6
 0 1676/2048 1676/2048 19 4 3 7
 1 1708/2048 1708/2048 21 4 3 7
 2 1642/2048 1642/2048 20 4 3 7
 3 1638/2048 1638/2048 21 4 3 7
 4 1722/2048 1722/2048 21 4 3 7
 0 1710/2048 1710/2048 23 4 3 8
 1 1646/2048 1646/2048 23 4 3 8
 2 1680/2048 1680/2048 23 4 3 8
 3 1688/2048 1688/2048 21 4 3 8
 4 1712/2048 1712/2048 22 4 3 8
 0 1724/2048 1724/2048 23 4 3 9
 1 1710/2048 1710/2048 23 4 3 9
 2 1692/2048 1692/2048 22 4 3 9
 3 1740/2048 1740/2048 24 4 3 9
 4 1674/2048 1674/2048 25 4 3 9
 0 1540/2048 1540/2048 8 3 4 2
 1 1548/2048 1548/2048 8 3 4 2
 2 1584/2048 1584/2048 8 3 4 2
 3 1592/2048 1592/2048 8 3 4 2
 4 1548/2048 1548/2048 8 3 4 2
 0 1598/2048 1598/2048 12 4 4 3
 1 1612/2048 1612/2048 11 4 4 3
 2 1584/2048 1584/2048 12 4 4 3
 3 1566/2048 1566/2048 12 4 4 3
 4 1642/2048 1642/2048 12 4 4 3
 0 1686/2048 1686/2048 16 3 4 4
 1 1676/2048 1676/2048 16 5 4 4
 2 1660/2048 1660/2048 16 5 4 4
 3 1658/2048 1658/2048 16 4 4 4
 4 1604/2048 1604/2048 16 4 4 4
 0 1682/2048 1682/2048 19 4 4 5
 1 1660/2048 1660/2048 19 4 4 5
 2 1706/2048 1706/2048 20 4 4 5
 3 1714/2048 1714/2048 20 5 4 5
 4 1692/2048 1692/2048 19 5 4 5
 0 1704/2048 1704/2048 23 5 4 6
 1 1744/2048 1744/2048 24 4 4 6
 2 1762/2048 1762/2048 24 5 4 6
 3 1738/2048 1738/2048 23 5 4 6
 4 1708/2048 1708/2048 22 5 4 6
 0 1758/2048 1758/2048 26 5 4 7
 1 1734/2048 1734/2048 26 5 4 7
 2 1702/2048 1702/2048 27 5 4 7
 3 1742/2048 1742/2048 24 5 4 7
 4 1724/2048 1724/2048 26 5 4 7
 0 1744/2048 1744/2048 26 5 4 8
 1 1784/2048 1784/2048 27 5 4 8
 2 1762/2048 1762/2048 29 5 4 8
 3 1770/2048 1770/2048 27 5 4 8
 4 1756/2048 1756/2048 28 5 4 8
 0 1796/2048 1796/2048 31 5 4 9
 1 1742/2048 1742/2048 28 5 4 9
 2 1796/2048 1796/2048 25 5 4 9
 3 1816/2048 1816/2048 31 5 4 9
 4 1698/2048 1698/2048 31 5 4 9
 0 1596/2048 1596/2048 10 3 5 2
 1 1576/2048 1576/2048 10 4 5 2
 2 1598/2048 1598/2048 10 4 5 2
 3 1592/2048 1592/2048 10 3 5 2
 4 1564/2048 1564/2048 10 3 5 2
 0 1640/2048 1640/2048 15 5 5 3
 1 1646/2048 1646/2048 14 5 5 3
 2 1640/2048 1640/2048 15 5 5 3
 3 1682/2048 1682/2048 15 4 5 3
 4 1616/2048 1616/2048 15 4 5 3
 0 1692/2048 1692/2048 20 5 5 4
 1 1700/2048 1700/2048 19 5 5 4
 2 1718/2048 1718/2048 19 5 5 4
 3 1684/2048 1684/2048 20 5 5 4
 4 1712/2048 1712/2048 20 6 5 4
 0 1710/2048 1710/2048 22 5 5 5
 1 1728/2048 1728/2048 23 5 5 5
 2 1696/2048 1696/2048 21 5 5 5
 3 1706/2048 1706/2048 25 5 5 5
 4 1720/2048 1720/2048 24 6 5 5
 0 1756/2048 1756/2048 26 6 5 6
 1 1780/2048 1780/2048 27 6 5 6
 2 1754/2048 1754/2048 27 6 5 6
 3 1746/2048 1746/2048 26 6 5 6
 4 1750/2048 1750/2048 26 6 5 6
 0 1752/2048 1752/2048 29 6 5 7
 1 1812/2048 1812/2048 33 6 5 7
 2 1804/2048 1804/2048 30 5 5 7
 3 1812/2048 1812/2048 32 5 5 7
 4 1826/2048 1826/2048 30 5 5 7
 0 1806/2048 1806/2048 29 5 5 8
 1 1742/2048 1742/2048 32 6 5 8
 2 1826/2048 1826/2048 33 5 5 8
 3 1804/2048 1804/2048 31 5 5 8
 4 1789/2048 1789/2048 34 6 5 8
 0 1812/2048 1812/2048 35 6 5 9
 1 1808/2048 1808/2048 37 5 5 9
 2 1788/2048 1788/2048 34 5 5 9
 3 1800/2048 1800/2048 38 6 5 9
 4 1806/2048 1806/2048 37 6 5 9
 0 1624/2048 1624/2048 12 4 6 2
 1 1572/2048 1572/2048 12 4 6 2
 2 1648/2048 1648/2048 12 5 6 2
 3 1578/2048 1578/2048 12 6 6 2
 4 1596/2048 1596/2048 12 4 6 2
 0 1674/2048 1674/2048 17 6 6 3
 1 1690/2048 1690/2048 17 4 6 3
 2 1654/2048 1654/2048 18 5 6 3
 3 1662/2048 1662/2048 18 5 6 3
 4 1666/2048 1666/2048 18 6 6 3
 0 1738/2048 1738/2048 24 5 6 4
 1 1746/2048 1746/2048 20 5 6 4
 2 1662/2048 1662/2048 24 6 6 4
 3 1656/2048 1656/2048 23 6 6 4
 4 1718/2048 1718/2048 21 6 6 4
 0 1728/2048 1728/2048 26 6 6 5
 1 1748/2048 1748/2048 27 6 6 5
 2 1774/2048 1774/2048 28 5 6 5
 3 1764/2048 1764/2048 29 7 6 5
 4 1724/2048 1724/2048 27 5 6 5
 0 1756/2048 1756/2048 32 6 6 6
 1 1828/2048 1828/2048 32 6 6 6
 2 1782/2048 1782/2048 30 6 6 6
 3 1780/2048 1780/2048 27 7 6 6
 4 1744/2048 1744/2048 28 6 6 6
 0 1820/2048 1820/2048 35 7 6 7
 1 1797/2048 1797/2048 35 7 6 7
 2 1792/2048 1792/2048 34 6 6 7
 3 1830/2048 1830/2048 36 7 6 7
 4 1800/2048 1800/2048 33 7 6 7
 0 1862/2048 1862/2048 41 7 6 8
 1 1778/2048 1778/2048 32 7 6 8
 2 1850/2048 1850/2048 40 7 6 8
 3 1830/2048 1830/2048 39 7 6 8
 4 1836/2048 1836/2048 39 7 6 8
 0 1851/2048 1851/2048 42 7 6 9
 1 1764/2048 1764/2048 43 6 6 9
 2 1850/2048 1850/2048 45 7 6 9
 3 1810/2048 1810/2048 41 7 6 9
 4 1886/2048 1886/2048 42 6 6 9
 0 1606/2048 1606/2048 14 4 7 2
 1 1606/2048 1606/2048 14 4 7 2
 2 1614/2048 1614/2048 14 4 7 2
 3 1660/2048 1660/2048 14 4 7 2
 4 1676/2048 1676/2048 14 3 7 2
 0 1678/2048 1678/2048 21 5 7 3
 1 1746/2048 1746/2048 21 7 7 3
 2 1666/2048 1666/2048 21 6 7 3
 3 1694/2048 1694/2048 21 5 7 3
 4 1668/2048 1668/2048 21 5 7 3
 0 1764/2048 1764/2048 27 6 7 4
 1 1716/2048 1716/2048 28 6 7 4
 2 1738/2048 1738/2048 26 6 7 4
 3 1748/2048 1748/2048 25 5 7 4
 4 1730/2048 1730/2048 25 7 7 4
 0 1762/2048 1762/2048 29 6 7 5
 1 1732/2048 1732/2048 32 7 7 5
 2 1822/2048 1822/2048 31 7 7 5
 3 1776/2048 1776/2048 33 6 7 5
 4 1778/2048 1778/2048 31 7 7 5
 0 1840/2048 1840/2048 36 6 7 6
 1 1766/2048 1766/2048 34 6 7 6
 2 1809/2048 1809/2048 35 7 7 6
 3 1774/2048 1774/2048 35 6 7 6
 4 1884/2048 1884/2048 39 7 7 6
 0 1869/2048 1869/2048 40 7 7 7
 1 1850/2048 1850/2048 40 7 7 7
 2 1872/2048 1872/2048 41 6 7 7
 3 1816/2048 1816/2048 38 6 7 7
 4 1859/2048 1859/2048 41 7 7 7
 0 1829/2048 1829/2048 43 7 7 8
 1 1839/2048 1839/2048 47 8 7 8
 2 1810/2048 1810/2048 44 7 7 8
 3 1850/2048 1850/2048 45 8 7 8
 4 1838/2048 1838/2048 44 8 7 8
 0 1875/2048 1875/2048 46 6 7 9
 1 1872/2048 1872/2048 45 7 7 9
 2 1871/2048 1871/2048 47 7 7 9
 3 1872/2048 1872/2048 44 8 7 9
 4 1842/2048 1842/2048 45 8 7 9
 0 1676/2048 1676/2048 16 5 8 2
 1 1676/2048 1676/2048 16 6 8 2
 2 1608/2048 1608/2048 16 5 8 2
 3 1654/2048 1654/2048 16 6 8 2
 4 1674/2048 1674/2048 16 5 8 2
 0 1736/2048 1736/2048 23 5 8 3
 1 1710/2048 1710/2048 23 5 8 3
 2 1718/2048 1718/2048 21 6 8 3
 3 1676/2048 1676/2048 24 6 8 3
 4 1744/2048 1744/2048 24 5 8 3
 0 1792/2048 1792/2048 29 6 8 4
 1 1780/2048 1780/2048 29 6 8 4
 2 1822/2048 1822/2048 32 6 8 4
 3 1756/2048 1756/2048 27 6 8 4
 4 1780/2048 1780/2048 29 6 8 4
 0 1768/2048 1768/2048 34 7 8 5
 1 1839/2048 1839/2048 34 7 8 5
 2 1836/2048 1836/2048 37 6 8 5
 3 1798/2048 1798/2048 35 7 8 5
 4 1778/2048 1778/2048 32 6 8 5
 0 1824/2048 1824/2048 40 8 8 6
 1 1826/2048 1826/2048 41 7 8 6
 2 1840/2048 1840/2048 36 7 8 6
 3 1846/2048 1846/2048 41 8 8 6
 4 1796/2048 1796/2048 40 8 8 6
 0 1806/2048 1806/2048 45 7 8 7
 1 1872/2048 1872/2048 40 7 8 7
 2 1798/2048 1798/2048 46 8 8 7
 3 1884/2048 1884/2048 46 7 8 7
 4 1832/2048 1832/2048 44 8 8 7
 0 1874/2048 1874/2048 42 7 8 8
 1 1828/2048 1828/2048 44 6 8 8
 2 1839/2048 1839/2048 46 8 8 8
 3 1878/2048 1878/2048 47 9 8 8
 4 1872/2048 1872/2048 51 7 8 8
 0 1906/2048 1906/2048 45 7 8 9
 1 1877/2048 1877/2048 49 9 8 9
 2 1897/2048 1897/2048 47 6 8 9
 3 1878/2048 1878/2048 49 8 8 9
 4 1914/2048 1914/2048 48 7 8 9
 0 1646/2048 1646/2048 18 6 9 2
 1 1686/2048 1686/2048 18 6 9 2
 2 1658/2048 1658/2048 18 6 9 2
 3 1648/2048 1648/2048 18 5 9 2
 4 1702/2048 1702/2048 17 4 9 2
 0 1760/2048 1760/2048 27 5 9 3
 1 1696/2048 1696/2048 25 6 9 3
 2 1752/2048 1752/2048 25 6 9 3
 3 1694/2048 1694/2048 26 6 9 3
 4 1776/2048 1776/2048 26 6 9 3
 0 1788/2048 1788/2048 31 6 9 4
 1 1723/2048 1723/2048 31 8 9 4
 2 1766/2048 1766/2048 29 6 9 4
 3 1738/2048 1738/2048 30 6 9 4
 4 1772/2048 1772/2048 31 6 9 4
 0 1854/2048 1854/2048 40 8 9 5
 1 1786/2048 1786/2048 36 7 9 5
 2 1814/2048 1814/2048 36 8 9 5
 3 1840/2048 1840/2048 35 7 9 5
 4 1848/2048 1848/2048 39 8 9 5
 0 1798/2048 1798/2048 35 8 9 6
 1 1873/2048 1873/2048 43 7 9 6
 2 1856/2048 1856/2048 41 8 9 6
 3 1866/2048 1866/2048 44 7 9 6
 4 1809/2048 1809/2048 40 8 9 6
 0 1881/2048 1881/2048 45 7 9 7
 1 1830/2048 1830/2048 48 8 9 7
 2 1886/2048 1886/2048 50 7 9 7
 3 1816/2048 1816/2048 46 8 9 7
 4 1867/2048 1867/2048 49 7 9 7
 0 1879/2048 1879/2048 54 8 9 8
 1 1890/2048 1890/2048 51 8 9 8
 2 1862/2048 1862/2048 47 7 9 8
 3 1917/2048 1917/2048 49 8 9 8
 4 1869/2048 1869/2048 55 8 9 8
 0 1915/2048 1915/2048 55 8 9 9
 1 1924/2048 1924/2048 51 8 9 9
 2 1898/2048 1898/2048 55 9 9 9
 3 1918/2048 1918/2048 55 9 9 9
 4 1878/2048 1878/2048 51 7 9 9