1490 4 1 2 2
1492 4 1 2 2
1490 4 1 2 2
1472 4 2 2 2
1490 4 1 2 2
1524 6 2 2 3
1528 6 2 2 3
1524 6 2 2 3
1520 6 2 2 3
1524 6 2 2 3
1564 8 2 2 4
1544 8 2 2 4
1540 8 2 2 4
1548 8 2 2 4
1552 8 2 2 4
1592 10 2 2 5
1570 10 2 2 5
1560 10 2 2 5
1564 10 2 2 5
1552 10 2 2 5
1582 12 2 2 6
1612 12 2 2 6
1628 12 2 2 6
1612 12 2 2 6
1656 12 2 2 6
1660 13 2 2 7
1600 14 2 2 7
1660 13 2 2 7
1660 14 2 2 7
1676 14 2 2 7
1664 14 2 2 8
1646 15 2 2 8
1674 16 2 2 8
1632 13 2 2 8
1586 14 2 2 8
1678 16 2 2 9
1650 16 2 2 9
1646 14 2 2 9
1616 14 2 2 9
1586 16 2 2 9
1524 6 2 3 2
1522 6 2 3 2
1516 6 2 3 2
1528 6 2 3 2
1508 6 2 3 2
1560 9 2 3 3
1566 9 3 3 3
1596 9 2 3 3
1556 9 2 3 3
1560 9 2 3 3
1624 12 3 3 4
1608 12 3 3 4
1628 12 3 3 4
1656 12 2 3 4
1570 12 3 3 4
1638 15 3 3 5
1614 15 3 3 5
1674 15 3 3 5
1668 15 3 3 5
1636 15 3 3 5
1710 18 3 3 6
1636 18 3 3 6
1688 18 3 3 6
1682 18 3 3 6
1622 17 3 3 6
1668 20 3 3 7
1698 19 3 3 7
1666 18 3 3 7
1694 18 3 3 7
1694 19 3 3 7
1726 21 3 3 8
1678 24 3 3 8
1664 22 3 3 8
1750 22 3 3 8
1698 22 3 3 8
1712 23 3 3 9
1738 23 3 3 9
1732 23 3 3 9
1734 20 3 3 9
1734 22 3 3 9
1550 8 3 4 2
1550 8 3 4 2
1572 8 2 4 2
1548 8 2 4 2
1572 8 2 4 2
1638 12 4 4 3
1602 12 4 4 3
1586 12 3 4 3
1572 12 4 4 3
1602 12 3 4 3
1686 16 3 4 4
1662 16 3 4 4
1650 16 3 4 4
1620 16 3 4 4
1648 16 3 4 4
1688 20 3 4 5
1666 20 4 4 5
1710 19 3 4 5
1696 17 3 4 5
1676 19 4 4 5
1730 24 4 4 6
1738 24 3 4 6
1688 22 4 4 6
1752 22 4 4 6
1746 23 4 4 6
1738 26 4 4 7
1728 23 4 4 7
1758 25 4 4 7
1734 26 4 4 7
1772 26 4 4 7
1734 28 4 4 8
1770 28 4 4 8
1780 28 4 4 8
1702 29 4 4 8
1772 26 4 4 8
1734 31 4 4 9
1792 30 4 4 9
1784 28 4 4 9
1780 29 4 4 9
1786 32 4 4 9
1584 10 3 5 2
1562 10 4 5 2
1592 10 2 5 2
1566 10 3 5 2
1562 10 2 5 2
1624 15 3 5 3
1672 15 4 5 3
1642 15 3 5 3
1608 15 3 5 3
1644 15 4 5 3
1688 20 4 5 4
1716 18 4 5 4
1710 20 5 5 4
1684 19 4 5 4
1668 20 4 5 4
1696 24 4 5 5
1686 23 5 5 5
1708 24 5 5 5
1738 23 4 5 5
1756 24 5 5 5
1762 27 5 5 6
1790 26 5 5 6
1744 27 4 5 6
1732 28 4 5 6
1770 25 4 5 6
1802 32 5 5 7
1798 31 5 5 7
1748 30 5 5 7
1780 31 4 5 7
1780 27 4 5 7
1778 31 5 5 8
1812 37 5 5 8
1826 32 5 5 8
1798 31 5 5 8
1800 34 4 5 8
1804 39 5 5 9
1834 34 5 5 9
1826 33 5 5 9
1816 32 4 5 9
1830 37 5 5 9
1612 12 2 6 2
1604 12 3 6 2
1578 12 3 6 2
1584 12 4 6 2
1598 12 4 6 2
1660 18 4 6 3
1694 18 3 6 3
1680 18 4 6 3
1684 18 4 6 3
1654 18 4 6 3
1744 22 3 6 4
1722 24 6 6 4
1758 21 4 6 4
1740 22 5 6 4
1728 24 4 6 4
1802 29 4 6 5
1776 28 5 6 5
1765 27 4 6 5
1734 29 5 6 5
1748 26 5 6 5
1780 30 5 6 6
1820 30 5 6 6
1760 33 5 6 6
1778 26 4 6 6
1742 32 6 6 6
1852 37 5 6 7
1768 37 5 6 7
1794 35 5 6 7
1770 32 5 6 7
1824 37 6 6 7
1854 37 5 6 8
1812 38 5 6 8
1836 39 5 6 8
1792 41 6 6 8
1828 37 6 6 8
1874 40 5 6 9
1842 38 5 6 9
1818 40 6 6 9
1788 44 6 6 9
1795 43 6 6 9
1676 14 3 7 2
1642 14 3 7 2
1618 14 4 7 2
1648 14 4 7 2
1650 14 3 7 2
1686 21 4 7 3
1706 20 4 7 3
1704 21 4 7 3
1730 21 4 7 3
1744 21 4 7 3
1758 27 6 7 4
1734 26 5 7 4
1768 25 4 7 4
1758 28 5 7 4
1745 27 4 7 4
1764 32 6 7 5
1756 33 6 7 5
1750 27 6 7 5
1814 30 5 7 5
1802 29 5 7 5
1864 38 6 7 6
1782 34 5 7 6
1748 38 6 7 6
1848 38 7 7 6
1833 36 6 7 6
1801 39 5 7 7
1798 36 5 7 7
1789 41 6 7 7
1808 35 5 7 7
1869 42 7 7 7
1871 44 6 7 8
1864 38 5 7 8
1872 44 6 7 8
1842 46 7 7 8
1852 41 7 7 8
1876 45 7 7 9
1863 49 5 7 9
1818 43 6 7 9
1814 43 7 7 9
1800 36 6 7 9
1622 16 4 8 2
1680 16 4 8 2
1630 16 3 8 2
1676 16 5 8 2
1668 16 3 8 2
1668 22 6 8 3
1712 24 4 8 3
1718 23 4 8 3
1722 23 4 8 3
1723 22 5 8 3
1731 29 6 8 4
1714 30 5 8 4
1786 31 5 8 4
1798 30 5 8 4
1750 29 5 8 4
1799 36 6 8 5
1830 32 6 8 5
1840 34 6 8 5
1840 35 6 8 5
1808 38 6 8 5
1832 42 6 8 6
1809 38 6 8 6
1830 36 6 8 6
1832 41 7 8 6
1828 40 8 8 6
1876 42 7 8 7
1860 45 6 8 7
1812 37 6 8 7
1863 43 6 8 7
1835 41 6 8 7
1871 45 8 8 8
1856 43 6 8 8
1864 47 7 8 8
1890 47 7 8 8
1874 45 5 8 8
1891 49 7 8 9
1886 47 5 8 9
1870 51 7 8 9
1860 57 7 8 9
1871 53 7 8 9
1686 18 3 9 2
1684 18 4 9 2
1662 16 5 9 2
1660 18 4 9 2
1658 18 3 9 2
1684 26 5 9 3
1750 26 5 9 3
1722 24 5 9 3
1726 26 5 9 3
1718 25 4 9 3
1746 33 5 9 4
1788 32 5 9 4
1782 34 5 9 4
1792 31 5 9 4
1796 34 5 9 4
1810 36 6 9 5
1856 36 6 9 5
1805 36 6 9 5
1801 37 5 9 5
1774 39 6 9 5
1832 37 6 9 6
1817 43 9 9 6
1857 45 8 9 6
1845 43 6 9 6
1872 42 6 9 6
1886 44 6 9 7
1859 45 7 9 7
1878 47 7 9 7
1878 39 5 9 7
1882 48 7 9 7
1879 47 6 9 8
1875 52 8 9 8
1866 49 6 9 8
1871 48 7 9 8
1908 53 6 9 8
1861 53 7 9 9
1851 54 7 9 9
1906 54 7 9 9
1825 51 7 9 9
1895 52 6 9 9
1724 20 6 10 2
1682 20 5 10 2
1666 20 5 10 2
1658 20 4 10 2
1640 20 4 10 2
1766 29 6 10 3
1721 28 7 10 3
1778 29 5 10 3
1744 27 5 10 3
1802 29 4 10 3
1764 31 5 10 4
1807 35 7 10 4
1790 35 6 10 4
1798 32 6 10 4
1760 31 7 10 4
1814 37 7 10 5
1853 37 7 10 5
1838 35 5 10 5
1835 42 6 10 5
1906 45 6 10 5
1858 46 6 10 6
1837 44 6 10 6
1852 45 7 10 6
1846 45 7 10 6
1768 40 6 10 6
1881 42 7 10 7
1917 48 7 10 7
1862 50 7 10 7
1893 50 8 10 7
1886 50 7 10 7
1908 55 9 10 8
1885 54 8 10 8
1910 53 6 10 8
1873 57 7 10 8
1891 58 8 10 8
1942 56 7 10 9
1910 60 6 10 9
1902 54 6 10 9
1909 58 6 10 9
1842 44 9 10 9
1674 22 5 11 2
1736 22 4 11 2
1708 22 5 11 2
1678 22 6 11 2
1708 22 5 11 2
1784 28 6 11 3
1772 30 6 11 3
1744 29 6 11 3
1772 33 8 11 3
1784 30 6 11 3
1766 37 8 11 4
1798 35 8 11 4
1832 37 6 11 4
1813 37 6 11 4
1827 37 8 11 4
1900 47 6 11 5
1800 44 6 11 5
1892 44 7 11 5
1833 44 8 11 5
1881 45 6 11 5
1897 51 8 11 6
1856 53 7 11 6
1898 49 6 11 6
1868 49 6 11 6
1863 49 9 11 6
1892 48 7 11 7
1890 52 6 11 7
1818 56 9 11 7
1917 45 7 11 7
1845 49 7 11 7
1918 59 9 11 8
1877 53 7 11 8
1882 55 9 11 8
1940 57 8 11 8
1842 54 7 11 8
1891 58 7 11 9
1908 61 7 11 9
1912 56 8 11 9
1929 62 8 11 9
1886 62 7 11 9
1726 24 7 12 2
1712 24 4 12 2
1726 23 4 12 2
1720 24 6 12 2
1716 24 4 12 2
1769 33 7 12 3
1768 32 5 12 3
1804 36 5 12 3
1751 29 6 12 3
1822 33 6 12 3
1847 36 7 12 4
1824 43 8 12 4
1781 37 6 12 4
1821 41 7 12 4
1844 40 7 12 4
1896 45 8 12 5
1855 44 6 12 5
1891 48 8 12 5
1904 49 7 12 5
1875 51 8 12 5
1864 52 8 12 6
1861 53 7 12 6
1814 50 7 12 6
1922 53 8 12 6
1916 46 8 12 6
1910 59 8 12 7
1861 54 8 12 7
1893 54 8 12 7
1859 51 7 12 7
1847 53 8 12 7
1877 63 8 12 8
1915 69 8 12 8
1905 57 8 12 8
1915 55 8 12 8
1866 56 8 12 8
1928 66 9 12 9
1896 57 7 12 9
1901 63 8 12 9
1896 70 8 12 9
1925 69 9 12 9
1708 24 5 13 2
1766 25 4 13 2
1784 25 4 13 2
1688 26 6 13 2
1736 26 4 13 2
1738 33 6 13 3
1772 34 8 13 3
1778 33 7 13 3
1782 31 4 13 3
1805 32 7 13 3
1804 41 8 13 4
1886 46 8 13 4
1855 39 7 13 4
1806 44 8 13 4
1824 38 6 13 4
1826 48 9 13 5
1861 50 8 13 5
1820 48 7 13 5
1902 53 7 13 5
1867 52 8 13 5
1806 55 9 13 6
1868 55 8 13 6
1893 61 8 13 6
1932 48 8 13 6
1913 53 10 13 6
1916 61 9 13 7
1848 59 7 13 7
1898 56 9 13 7
1921 61 10 13 7
1912 62 9 13 7
1947 64 7 13 8
1953 62 8 13 8
1866 62 9 13 8
1902 62 8 13 8
1897 59 7 13 8
1913 70 9 13 9
1870 65 10 13 9
1917 65 8 13 9
1920 69 7 13 9
1960 63 8 13 9
1752 24 5 14 2
1732 26 4 14 2
1720 27 7 14 2
1778 28 4 14 2
1772 27 6 14 2
1818 37 8 14 3
1803 38 7 14 3
1790 38 5 14 3
1824 33 7 14 3
1822 37 6 14 3
1856 44 7 14 4
1864 47 6 14 4
1872 43 7 14 4
1864 40 6 14 4
1881 47 8 14 4
1853 49 8 14 5
1896 46 8 14 5
1845 51 9 14 5
1842 53 8 14 5
1877 49 8 14 5
1888 49 8 14 6
1896 55 7 14 6
1935 60 8 14 6
1937 57 8 14 6
1881 50 7 14 6
1893 61 9 14 7
1893 59 9 14 7
1922 56 8 14 7
1944 63 9 14 7
1846 67 8 14 7
1913 60 8 14 8
1922 61 8 14 8
1879 60 9 14 8
1939 56 7 14 8
1886 68 10 14 8
1917 70 10 14 9
1910 57 8 14 9
1972 56 8 14 9
1931 62 6 14 9
1918 59 7 14 9